
 Simulated Economy

   Number of Agents:       1000

   Number of Periods:      40

   Seed:                   132


   Choices:  

       Period     Work A     Work B    Schooling   Home      

         1        0.1330     0.0400     0.7740     0.0530
         2        0.2630     0.0550     0.5970     0.0850
         3        0.4170     0.0660     0.4430     0.0740
         4        0.5140     0.0720     0.3370     0.0770
         5        0.5840     0.0770     0.2640     0.0750
         6        0.6440     0.0760     0.2180     0.0620
         7        0.6770     0.0830     0.1880     0.0520
         8        0.7040     0.0960     0.1590     0.0410
         9        0.6960     0.1070     0.1560     0.0410
        10        0.7410     0.0910     0.1280     0.0400
        11        0.7390     0.1250     0.0970     0.0390
        12        0.7470     0.1220     0.1110     0.0200
        13        0.7650     0.1300     0.0880     0.0170
        14        0.7800     0.1210     0.0760     0.0230
        15        0.7520     0.1420     0.0780     0.0280
        16        0.7830     0.1390     0.0640     0.0140
        17        0.7720     0.1550     0.0560     0.0170
        18        0.7830     0.1580     0.0440     0.0150
        19        0.7430     0.1880     0.0530     0.0160
        20        0.7450     0.2010     0.0390     0.0150
        21        0.7250     0.2280     0.0350     0.0120
        22        0.7500     0.2200     0.0230     0.0070
        23        0.7440     0.2340     0.0130     0.0090
        24        0.7410     0.2340     0.0110     0.0140
        25        0.7010     0.2800     0.0090     0.0100
        26        0.7120     0.2630     0.0120     0.0130
        27        0.6690     0.3090     0.0140     0.0080
        28        0.6920     0.2910     0.0070     0.0100
        29        0.6500     0.3310     0.0040     0.0150
        30        0.6070     0.3660     0.0050     0.0220
        31        0.6110     0.3720     0.0000     0.0170
        32        0.5660     0.4140     0.0000     0.0200
        33        0.5420     0.4190     0.0000     0.0390
        34        0.5250     0.4330     0.0000     0.0420
        35        0.4650     0.4870     0.0000     0.0480
        36        0.4680     0.4570     0.0000     0.0750
        37        0.4150     0.4880     0.0000     0.0970
        38        0.3870     0.5190     0.0000     0.0940
        39        0.3170     0.5490     0.0000     0.1340
        40        0.3030     0.5430     0.0000     0.1540


