
 Simulated Economy

   Number of Agents:       10000

   Number of Periods:      40

   Seed:                   132


   Choices:  

       Period     Work A     Work B    Schooling   Home      

         1        0.6179     0.0857     0.2220     0.0744
         2        0.6532     0.1376     0.1178     0.0914
         3        0.6652     0.1700     0.0776     0.0872
         4        0.6802     0.1863     0.0634     0.0701
         5        0.6745     0.2088     0.0521     0.0646
         6        0.6639     0.2243     0.0496     0.0622
         7        0.6502     0.2484     0.0467     0.0547
         8        0.6456     0.2690     0.0414     0.0440
         9        0.6468     0.2803     0.0347     0.0382
        10        0.6291     0.2999     0.0316     0.0394
        11        0.6262     0.3115     0.0288     0.0335
        12        0.6144     0.3308     0.0248     0.0300
        13        0.5989     0.3479     0.0215     0.0317
        14        0.5969     0.3556     0.0180     0.0295
        15        0.5871     0.3699     0.0155     0.0275
        16        0.5832     0.3770     0.0107     0.0291
        17        0.5701     0.3924     0.0095     0.0280
        18        0.5685     0.4006     0.0068     0.0241
        19        0.5615     0.4084     0.0063     0.0238
        20        0.5584     0.4160     0.0035     0.0221
        21        0.5542     0.4188     0.0035     0.0235
        22        0.5510     0.4254     0.0015     0.0221
        23        0.5435     0.4301     0.0020     0.0244
        24        0.5468     0.4316     0.0007     0.0209
        25        0.5444     0.4337     0.0007     0.0212
        26        0.5404     0.4379     0.0001     0.0216
        27        0.5376     0.4401     0.0001     0.0222
        28        0.5367     0.4418     0.0001     0.0214
        29        0.5326     0.4440     0.0000     0.0234
        30        0.5276     0.4464     0.0000     0.0260
        31        0.5300     0.4465     0.0000     0.0235
        32        0.5287     0.4477     0.0000     0.0236
        33        0.5269     0.4487     0.0000     0.0244
        34        0.5238     0.4515     0.0000     0.0247
        35        0.5201     0.4546     0.0000     0.0253
        36        0.5196     0.4534     0.0000     0.0270
        37        0.5178     0.4576     0.0000     0.0246
        38        0.5145     0.4575     0.0000     0.0280
        39        0.5122     0.4565     0.0000     0.0313
        40        0.5114     0.4600     0.0000     0.0286


