
 Simulated Economy

   Number of Agents:       10000

   Number of Periods:      40

   Seed:                   132


   Choices:  

       Period     Work A     Work B    Schooling   Home      

         1        0.5108     0.1009     0.3592     0.0291
         2        0.5528     0.1758     0.2143     0.0571
         3        0.5682     0.2242     0.1551     0.0525
         4        0.5768     0.2540     0.1264     0.0428
         5        0.5615     0.2867     0.1117     0.0401
         6        0.5454     0.3112     0.1032     0.0402
         7        0.5214     0.3489     0.0948     0.0349
         8        0.5085     0.3793     0.0825     0.0297
         9        0.5065     0.3979     0.0695     0.0261
        10        0.4837     0.4252     0.0645     0.0266
        11        0.4745     0.4414     0.0583     0.0258
        12        0.4560     0.4723     0.0506     0.0211
        13        0.4466     0.4880     0.0452     0.0202
        14        0.4345     0.5098     0.0362     0.0195
        15        0.4269     0.5253     0.0293     0.0185
        16        0.4256     0.5340     0.0216     0.0188
        17        0.4084     0.5551     0.0181     0.0184
        18        0.4033     0.5662     0.0143     0.0162
        19        0.3960     0.5767     0.0112     0.0161
        20        0.3885     0.5866     0.0083     0.0166
        21        0.3894     0.5888     0.0069     0.0149
        22        0.3796     0.5988     0.0038     0.0178
        23        0.3722     0.6081     0.0021     0.0176
        24        0.3763     0.6059     0.0017     0.0161
        25        0.3724     0.6095     0.0008     0.0173
        26        0.3679     0.6170     0.0002     0.0149
        27        0.3669     0.6171     0.0000     0.0160
        28        0.3621     0.6212     0.0000     0.0167
        29        0.3596     0.6242     0.0000     0.0162
        30        0.3581     0.6249     0.0000     0.0170
        31        0.3602     0.6249     0.0000     0.0149
        32        0.3538     0.6294     0.0000     0.0168
        33        0.3519     0.6317     0.0000     0.0164
        34        0.3486     0.6336     0.0000     0.0178
        35        0.3503     0.6346     0.0000     0.0151
        36        0.3454     0.6350     0.0000     0.0196
        37        0.3430     0.6388     0.0000     0.0182
        38        0.3444     0.6381     0.0000     0.0175
        39        0.3397     0.6403     0.0000     0.0200
        40        0.3384     0.6436     0.0000     0.0180


