
 Simulated Economy

   Number of Agents:       1000

   Number of Periods:      40

   Seed:                   132


   Choices:  

       Period     Work A     Work B    Schooling   Home      

         1        0.4070     0.1020     0.4840     0.0070
         2        0.4250     0.2050     0.3310     0.0390
         3        0.4690     0.2450     0.2500     0.0360
         4        0.4640     0.2890     0.2230     0.0240
         5        0.4650     0.3230     0.1940     0.0180
         6        0.4580     0.3540     0.1680     0.0200
         7        0.4040     0.4150     0.1590     0.0220
         8        0.4040     0.4140     0.1610     0.0210
         9        0.4080     0.4430     0.1320     0.0170
        10        0.3800     0.5000     0.1040     0.0160
        11        0.3670     0.5290     0.0860     0.0180
        12        0.3630     0.5560     0.0680     0.0130
        13        0.3430     0.5730     0.0680     0.0160
        14        0.3220     0.6120     0.0480     0.0180
        15        0.3190     0.6290     0.0410     0.0110
        16        0.3120     0.6460     0.0340     0.0080
        17        0.2990     0.6470     0.0360     0.0180
        18        0.2930     0.6680     0.0250     0.0140
        19        0.2820     0.6910     0.0110     0.0160
        20        0.2760     0.6970     0.0130     0.0140
        21        0.2890     0.6910     0.0080     0.0120
        22        0.2780     0.7080     0.0080     0.0060
        23        0.2830     0.6990     0.0050     0.0130
        24        0.2780     0.7000     0.0070     0.0150
        25        0.2660     0.7180     0.0010     0.0150
        26        0.2600     0.7300     0.0000     0.0100
        27        0.2700     0.7190     0.0000     0.0110
        28        0.2570     0.7290     0.0000     0.0140
        29        0.2600     0.7300     0.0000     0.0100
        30        0.2550     0.7290     0.0000     0.0160
        31        0.2620     0.7280     0.0000     0.0100
        32        0.2490     0.7360     0.0000     0.0150
        33        0.2510     0.7350     0.0000     0.0140
        34        0.2490     0.7420     0.0000     0.0090
        35        0.2540     0.7290     0.0000     0.0170
        36        0.2440     0.7400     0.0000     0.0160
        37        0.2390     0.7420     0.0000     0.0190
        38        0.2390     0.7450     0.0000     0.0160
        39        0.2500     0.7440     0.0000     0.0060
        40        0.2410     0.7490     0.0000     0.0100


