
 Simulated Economy

   Number of Agents:       1000

   Number of Periods:      40

   Seed:                   132


   Choices:  

       Period     Work A     Work B    Schooling   Home      

         1        0.4000     0.1040     0.4890     0.0070
         2        0.4210     0.2050     0.3380     0.0360
         3        0.4590     0.2460     0.2590     0.0360
         4        0.4520     0.2920     0.2320     0.0240
         5        0.4490     0.3220     0.2100     0.0190
         6        0.4450     0.3580     0.1770     0.0200
         7        0.3990     0.4160     0.1650     0.0200
         8        0.3930     0.4210     0.1670     0.0190
         9        0.4000     0.4450     0.1390     0.0160
        10        0.3680     0.5060     0.1110     0.0150
        11        0.3560     0.5370     0.0900     0.0170
        12        0.3560     0.5610     0.0700     0.0130
        13        0.3370     0.5770     0.0700     0.0160
        14        0.3100     0.6190     0.0540     0.0170
        15        0.3110     0.6380     0.0410     0.0100
        16        0.3010     0.6560     0.0350     0.0080
        17        0.2900     0.6560     0.0370     0.0170
        18        0.2830     0.6750     0.0290     0.0130
        19        0.2740     0.6980     0.0130     0.0150
        20        0.2690     0.7070     0.0120     0.0120
        21        0.2850     0.6970     0.0090     0.0090
        22        0.2700     0.7150     0.0090     0.0060
        23        0.2740     0.7080     0.0050     0.0130
        24        0.2670     0.7110     0.0070     0.0150
        25        0.2570     0.7270     0.0020     0.0140
        26        0.2520     0.7380     0.0000     0.0100
        27        0.2600     0.7290     0.0000     0.0110
        28        0.2490     0.7370     0.0000     0.0140
        29        0.2530     0.7380     0.0000     0.0090
        30        0.2470     0.7370     0.0000     0.0160
        31        0.2530     0.7370     0.0000     0.0100
        32        0.2400     0.7450     0.0000     0.0150
        33        0.2410     0.7450     0.0000     0.0140
        34        0.2400     0.7510     0.0000     0.0090
        35        0.2480     0.7370     0.0000     0.0150
        36        0.2350     0.7500     0.0000     0.0150
        37        0.2310     0.7520     0.0000     0.0170
        38        0.2310     0.7570     0.0000     0.0120
        39        0.2420     0.7520     0.0000     0.0060
        40        0.2330     0.7570     0.0000     0.0100


