
 Simulated Economy

   Number of Agents:       10000

   Number of Periods:      40

   Seed:                   132


   Choices:  

       Period     Work A     Work B    Schooling   Home      

         1        0.6023     0.0900     0.2339     0.0738
         2        0.6413     0.1468     0.1201     0.0918
         3        0.6582     0.1806     0.0737     0.0875
         4        0.6702     0.2015     0.0588     0.0695
         5        0.6598     0.2273     0.0489     0.0640
         6        0.6487     0.2425     0.0448     0.0640
         7        0.6356     0.2707     0.0424     0.0513
         8        0.6307     0.2884     0.0385     0.0424
         9        0.6318     0.2997     0.0333     0.0352
        10        0.6090     0.3232     0.0307     0.0371
        11        0.6080     0.3317     0.0268     0.0335
        12        0.5942     0.3534     0.0233     0.0291
        13        0.5838     0.3695     0.0205     0.0262
        14        0.5796     0.3782     0.0168     0.0254
        15        0.5671     0.3950     0.0138     0.0241
        16        0.5592     0.4043     0.0097     0.0268
        17        0.5478     0.4176     0.0084     0.0262
        18        0.5430     0.4269     0.0059     0.0242
        19        0.5361     0.4366     0.0056     0.0217
        20        0.5292     0.4428     0.0033     0.0247
        21        0.5254     0.4466     0.0029     0.0251
        22        0.5209     0.4536     0.0016     0.0239
        23        0.5126     0.4608     0.0014     0.0252
        24        0.5156     0.4600     0.0008     0.0236
        25        0.5144     0.4611     0.0005     0.0240
        26        0.5098     0.4666     0.0003     0.0233
        27        0.5088     0.4685     0.0001     0.0226
        28        0.5022     0.4717     0.0000     0.0261
        29        0.4993     0.4743     0.0000     0.0264
        30        0.4963     0.4765     0.0000     0.0272
        31        0.4989     0.4770     0.0000     0.0241
        32        0.4958     0.4786     0.0000     0.0256
        33        0.5004     0.4760     0.0000     0.0236
        34        0.4914     0.4817     0.0000     0.0269
        35        0.4923     0.4839     0.0000     0.0238
        36        0.4880     0.4825     0.0000     0.0295
        37        0.4855     0.4857     0.0000     0.0288
        38        0.4844     0.4868     0.0000     0.0288
        39        0.4846     0.4860     0.0000     0.0294
        40        0.4842     0.4890     0.0000     0.0268


