
 Simulated Economy

   Number of Agents:       1000

   Number of Periods:      40

   Seed:                   132


   Choices

       Period     Work A     Work B    Schooling   Home      

         1        0.1460     0.0380     0.7700     0.0460
         2        0.3230     0.0360     0.5890     0.0520
         3        0.4490     0.0620     0.4270     0.0620
         4        0.5740     0.0630     0.3130     0.0500
         5        0.6470     0.0760     0.2430     0.0340
         6        0.7010     0.0550     0.1980     0.0460
         7        0.7250     0.0850     0.1680     0.0220
         8        0.7540     0.0860     0.1370     0.0230
         9        0.7470     0.1010     0.1330     0.0190
        10        0.7940     0.0850     0.1060     0.0150
        11        0.8030     0.0980     0.0910     0.0080
        12        0.7860     0.1160     0.0860     0.0120
        13        0.8000     0.1220     0.0670     0.0110
        14        0.7950     0.1410     0.0550     0.0090
        15        0.8090     0.1400     0.0460     0.0050
        16        0.8110     0.1390     0.0450     0.0050
        17        0.7850     0.1620     0.0490     0.0040
        18        0.7880     0.1690     0.0400     0.0030
        19        0.7650     0.1970     0.0360     0.0020
        20        0.7550     0.2040     0.0400     0.0010
        21        0.7460     0.2160     0.0370     0.0010
        22        0.7690     0.2090     0.0180     0.0040
        23        0.7460     0.2430     0.0090     0.0020
        24        0.7360     0.2520     0.0100     0.0020
        25        0.7040     0.2770     0.0120     0.0070
        26        0.6790     0.3030     0.0140     0.0040
        27        0.6720     0.3200     0.0050     0.0030
        28        0.6300     0.3640     0.0040     0.0020
        29        0.6380     0.3480     0.0060     0.0080
        30        0.5960     0.3950     0.0020     0.0070
        31        0.5760     0.4160     0.0000     0.0080
        32        0.5390     0.4470     0.0010     0.0130
        33        0.5490     0.4410     0.0000     0.0100
        34        0.4950     0.4820     0.0000     0.0230
        35        0.4530     0.5100     0.0000     0.0370
        36        0.4080     0.5570     0.0000     0.0350
        37        0.3740     0.5600     0.0000     0.0660
        38        0.3340     0.5860     0.0000     0.0800
        39        0.2930     0.6110     0.0000     0.0960
        40        0.2810     0.5820     0.0000     0.1370



   Additional Information

       Average Education               13.7570

       Average Experience A            24.6940
       Average Experience B             9.7120
