
 Simulated Economy

   Number of Agents:       1000

   Number of Periods:      40

   Seed:                   132


   Choices

       Period     Work A     Work B    Schooling   Home      

         1        0.3070     0.0270     0.6160     0.0500
         2        0.4570     0.0610     0.3950     0.0870
         3        0.5880     0.1010     0.2360     0.0750
         4        0.6180     0.1120     0.1730     0.0970
         5        0.6480     0.1430     0.1370     0.0720
         6        0.6440     0.1390     0.1270     0.0900
         7        0.6430     0.1780     0.1140     0.0650
         8        0.6430     0.1810     0.0920     0.0840
         9        0.6420     0.1980     0.0820     0.0780
        10        0.6560     0.2070     0.0660     0.0710
        11        0.6590     0.2260     0.0560     0.0590
        12        0.6250     0.2530     0.0520     0.0700
        13        0.6480     0.2480     0.0460     0.0580
        14        0.6550     0.2520     0.0470     0.0460
        15        0.6450     0.2690     0.0360     0.0500
        16        0.6110     0.2890     0.0400     0.0600
        17        0.5920     0.3260     0.0350     0.0470
        18        0.6140     0.3070     0.0270     0.0520
        19        0.5890     0.3420     0.0150     0.0540
        20        0.5850     0.3470     0.0160     0.0520
        21        0.5750     0.3460     0.0160     0.0630
        22        0.5970     0.3530     0.0090     0.0410
        23        0.6040     0.3440     0.0060     0.0460
        24        0.5720     0.3730     0.0030     0.0520
        25        0.5530     0.3820     0.0050     0.0600
        26        0.5720     0.3600     0.0070     0.0610
        27        0.5660     0.3760     0.0010     0.0570
        28        0.5590     0.3900     0.0020     0.0490
        29        0.5970     0.3580     0.0030     0.0420
        30        0.5490     0.3830     0.0000     0.0680
        31        0.5540     0.3900     0.0010     0.0550
        32        0.5460     0.4000     0.0000     0.0540
        33        0.5830     0.3680     0.0000     0.0490
        34        0.5800     0.3660     0.0000     0.0540
        35        0.5580     0.3840     0.0000     0.0580
        36        0.5750     0.3960     0.0000     0.0290
        37        0.5490     0.3930     0.0000     0.0580
        38        0.5410     0.4040     0.0000     0.0550
        39        0.5500     0.4040     0.0000     0.0460
        40        0.5580     0.3880     0.0000     0.0540



   Additional Information

       Average Education               12.4610

       Average Experience A            22.8490
       Average Experience B            11.3760
