
 Simulated Economy

   Number of Agents:       1000

   Number of Periods:      40

   Seed:                   789


   Choices

       Period     Work A     Work B    Schooling   Home      

         1        0.3300     0.0330     0.5940     0.0430
         2        0.4850     0.0610     0.3790     0.0750
         3        0.5800     0.1020     0.2410     0.0770
         4        0.6120     0.1230     0.1770     0.0880
         5        0.6260     0.1610     0.1490     0.0640
         6        0.6150     0.1650     0.1270     0.0930
         7        0.6180     0.1810     0.1230     0.0780
         8        0.6280     0.1980     0.1140     0.0600
         9        0.6150     0.2180     0.0870     0.0800
        10        0.6220     0.2290     0.0870     0.0620
        11        0.5920     0.2640     0.0770     0.0670
        12        0.6240     0.2380     0.0730     0.0650
        13        0.6040     0.2740     0.0640     0.0580
        14        0.6190     0.2820     0.0580     0.0410
        15        0.6110     0.3060     0.0370     0.0460
        16        0.6160     0.3040     0.0380     0.0420
        17        0.6000     0.3170     0.0300     0.0530
        18        0.5790     0.3350     0.0310     0.0550
        19        0.6060     0.3170     0.0220     0.0550
        20        0.5720     0.3600     0.0180     0.0500
        21        0.5500     0.3820     0.0180     0.0500
        22        0.5730     0.3690     0.0100     0.0480
        23        0.5790     0.3670     0.0090     0.0450
        24        0.5790     0.3710     0.0040     0.0460
        25        0.5430     0.3960     0.0060     0.0550
        26        0.5480     0.3900     0.0080     0.0540
        27        0.5520     0.4010     0.0020     0.0450
        28        0.5630     0.3900     0.0000     0.0470
        29        0.5590     0.4000     0.0020     0.0390
        30        0.5370     0.4110     0.0020     0.0500
        31        0.5350     0.4190     0.0000     0.0460
        32        0.5410     0.4100     0.0010     0.0480
        33        0.5470     0.3990     0.0000     0.0540
        34        0.5160     0.4300     0.0000     0.0540
        35        0.5110     0.4360     0.0000     0.0530
        36        0.5370     0.4010     0.0000     0.0620
        37        0.5350     0.4110     0.0000     0.0540
        38        0.5320     0.4130     0.0000     0.0550
        39        0.5080     0.4230     0.0000     0.0690
        40        0.5010     0.4260     0.0000     0.0730



   Additional Information

       Average Education               12.5880

       Average Experience A            22.0990
       Average Experience B            12.0870
