
 Simulated Economy

   Number of Agents:       10000

   Number of Periods:      40

   Seed:                   132


   Choices:  

       Period     Work A     Work B    Schooling   Home      

         1        0.5647     0.0934     0.2833     0.0586
         2        0.6024     0.1560     0.1595     0.0821
         3        0.6185     0.1951     0.1086     0.0778
         4        0.6293     0.2196     0.0866     0.0645
         5        0.6190     0.2489     0.0741     0.0580
         6        0.6069     0.2674     0.0674     0.0583
         7        0.5864     0.2981     0.0642     0.0513
         8        0.5809     0.3202     0.0546     0.0443
         9        0.5806     0.3375     0.0452     0.0367
        10        0.5542     0.3632     0.0432     0.0394
        11        0.5535     0.3734     0.0393     0.0338
        12        0.5373     0.4002     0.0330     0.0295
        13        0.5271     0.4139     0.0302     0.0288
        14        0.5164     0.4314     0.0258     0.0264
        15        0.5088     0.4451     0.0193     0.0268
        16        0.5019     0.4548     0.0154     0.0279
        17        0.4912     0.4710     0.0121     0.0257
        18        0.4868     0.4805     0.0089     0.0238
        19        0.4807     0.4890     0.0085     0.0218
        20        0.4730     0.4996     0.0055     0.0219
        21        0.4731     0.5006     0.0053     0.0210
        22        0.4677     0.5097     0.0023     0.0203
        23        0.4598     0.5174     0.0017     0.0211
        24        0.4618     0.5165     0.0014     0.0203
        25        0.4592     0.5186     0.0008     0.0214
        26        0.4562     0.5245     0.0004     0.0189
        27        0.4532     0.5280     0.0001     0.0187
        28        0.4471     0.5318     0.0002     0.0209
        29        0.4473     0.5321     0.0000     0.0206
        30        0.4473     0.5324     0.0000     0.0203
        31        0.4473     0.5347     0.0000     0.0180
        32        0.4434     0.5373     0.0000     0.0193
        33        0.4428     0.5381     0.0000     0.0191
        34        0.4370     0.5401     0.0000     0.0229
        35        0.4366     0.5433     0.0000     0.0201
        36        0.4331     0.5414     0.0000     0.0255
        37        0.4318     0.5449     0.0000     0.0233
        38        0.4320     0.5441     0.0000     0.0239
        39        0.4292     0.5456     0.0000     0.0252
        40        0.4289     0.5487     0.0000     0.0224


