
 Simulated Economy

   Number of Agents:       1000

   Number of Periods:      40

   Seed:                   132


   Choices:  

       Period     Work A     Work B    Schooling   Home      

         1        0.1340     0.0400     0.7750     0.0510
         2        0.2610     0.0550     0.6020     0.0820
         3        0.4140     0.0640     0.4500     0.0720
         4        0.5120     0.0710     0.3430     0.0740
         5        0.5770     0.0770     0.2750     0.0710
         6        0.6420     0.0740     0.2270     0.0570
         7        0.6710     0.0820     0.1990     0.0480
         8        0.6960     0.0960     0.1710     0.0370
         9        0.6980     0.1050     0.1650     0.0320
        10        0.7410     0.0890     0.1340     0.0360
        11        0.7460     0.1190     0.1020     0.0330
        12        0.7480     0.1200     0.1140     0.0180
        13        0.7660     0.1280     0.0910     0.0150
        14        0.7810     0.1200     0.0770     0.0220
        15        0.7610     0.1380     0.0790     0.0220
        16        0.7830     0.1380     0.0660     0.0130
        17        0.7750     0.1550     0.0560     0.0140
        18        0.7830     0.1580     0.0470     0.0120
        19        0.7510     0.1830     0.0530     0.0130
        20        0.7480     0.1980     0.0410     0.0130
        21        0.7310     0.2230     0.0360     0.0100
        22        0.7520     0.2180     0.0240     0.0060
        23        0.7460     0.2320     0.0130     0.0090
        24        0.7470     0.2300     0.0110     0.0120
        25        0.7010     0.2790     0.0100     0.0100
        26        0.7190     0.2570     0.0140     0.0100
        27        0.6720     0.3060     0.0140     0.0080
        28        0.6950     0.2880     0.0070     0.0100
        29        0.6580     0.3270     0.0040     0.0110
        30        0.6170     0.3610     0.0050     0.0170
        31        0.6150     0.3700     0.0000     0.0150
        32        0.5730     0.4110     0.0000     0.0160
        33        0.5460     0.4200     0.0000     0.0340
        34        0.5290     0.4320     0.0000     0.0390
        35        0.4660     0.4880     0.0000     0.0460
        36        0.4740     0.4560     0.0000     0.0700
        37        0.4220     0.4840     0.0000     0.0940
        38        0.3900     0.5170     0.0000     0.0930
        39        0.3210     0.5520     0.0000     0.1270
        40        0.3040     0.5420     0.0000     0.1540


