
 Simulated Economy

   Number of Agents:       1000

   Number of Periods:      40

   Seed:                   132


   Choices:  

       Period     Work A     Work B    Schooling   Home      

         1        0.1380     0.0380     0.7710     0.0530
         2        0.2790     0.0370     0.5960     0.0880
         3        0.4050     0.0620     0.4510     0.0820
         4        0.5010     0.0680     0.3530     0.0780
         5        0.5790     0.0820     0.2820     0.0570
         6        0.6270     0.0580     0.2480     0.0670
         7        0.6580     0.0790     0.2170     0.0460
         8        0.6840     0.0860     0.1820     0.0480
         9        0.6830     0.0930     0.1770     0.0470
        10        0.7360     0.0870     0.1420     0.0350
        11        0.7540     0.1000     0.1230     0.0230
        12        0.7460     0.1150     0.1130     0.0260
        13        0.7540     0.1280     0.0910     0.0270
        14        0.7610     0.1440     0.0770     0.0180
        15        0.7790     0.1350     0.0660     0.0200
        16        0.7780     0.1360     0.0690     0.0170
        17        0.7640     0.1580     0.0660     0.0120
        18        0.7610     0.1630     0.0630     0.0130
        19        0.7430     0.1910     0.0530     0.0130
        20        0.7460     0.1970     0.0530     0.0040
        21        0.7360     0.2050     0.0500     0.0090
        22        0.7690     0.1990     0.0250     0.0070
        23        0.7530     0.2240     0.0140     0.0090
        24        0.7410     0.2360     0.0140     0.0090
        25        0.7210     0.2480     0.0170     0.0140
        26        0.6840     0.2850     0.0190     0.0120
        27        0.6770     0.3000     0.0090     0.0140
        28        0.6570     0.3240     0.0100     0.0090
        29        0.6700     0.3090     0.0060     0.0150
        30        0.6320     0.3500     0.0020     0.0160
        31        0.6200     0.3560     0.0000     0.0240
        32        0.5860     0.3850     0.0020     0.0270
        33        0.5980     0.3760     0.0000     0.0260
        34        0.5230     0.4420     0.0000     0.0350
        35        0.5030     0.4430     0.0000     0.0540
        36        0.4600     0.4850     0.0000     0.0550
        37        0.4190     0.4930     0.0000     0.0880
        38        0.3920     0.5090     0.0000     0.0990
        39        0.3420     0.5440     0.0000     0.1140
        40        0.3340     0.5090     0.0000     0.1570


