
 Simulated Economy

   Number of Agents:       1000

   Number of Periods:      40

   Seed:                   132


   Choices

       Period     Work A     Work B    Schooling   Home      

         1        0.1470     0.0390     0.7680     0.0460
         2        0.3210     0.0370     0.5840     0.0580
         3        0.4470     0.0650     0.4220     0.0660
         4        0.5650     0.0680     0.3110     0.0560
         5        0.6350     0.0800     0.2480     0.0370
         6        0.6800     0.0620     0.2070     0.0510
         7        0.7070     0.0940     0.1750     0.0240
         8        0.7340     0.0900     0.1460     0.0300
         9        0.7330     0.1050     0.1400     0.0220
        10        0.7800     0.0900     0.1130     0.0170
        11        0.7890     0.1070     0.0910     0.0130
        12        0.7810     0.1210     0.0850     0.0130
        13        0.7930     0.1250     0.0680     0.0140
        14        0.7870     0.1440     0.0610     0.0080
        15        0.8010     0.1460     0.0440     0.0090
        16        0.7950     0.1530     0.0460     0.0060
        17        0.7740     0.1720     0.0480     0.0060
        18        0.7730     0.1800     0.0430     0.0040
        19        0.7570     0.2060     0.0320     0.0050
        20        0.7510     0.2180     0.0290     0.0020
        21        0.7370     0.2310     0.0280     0.0040
        22        0.7500     0.2270     0.0180     0.0050
        23        0.7190     0.2650     0.0140     0.0020
        24        0.7200     0.2690     0.0080     0.0030
        25        0.6720     0.3100     0.0110     0.0070
        26        0.6520     0.3310     0.0140     0.0030
        27        0.6370     0.3540     0.0050     0.0040
        28        0.6110     0.3860     0.0010     0.0020
        29        0.6140     0.3750     0.0050     0.0060
        30        0.5590     0.4310     0.0020     0.0080
        31        0.5400     0.4510     0.0010     0.0080
        32        0.4940     0.4900     0.0000     0.0160
        33        0.5220     0.4670     0.0000     0.0110
        34        0.4620     0.5130     0.0000     0.0250
        35        0.4220     0.5410     0.0000     0.0370
        36        0.3910     0.5750     0.0000     0.0340
        37        0.3580     0.5790     0.0000     0.0630
        38        0.3190     0.6040     0.0000     0.0770
        39        0.2760     0.6260     0.0000     0.0980
        40        0.2730     0.5880     0.0000     0.1390



   Additional Information

       Average Education               13.7680

       Average Experience A            24.0050
       Average Experience B            10.3270
