
 Simulated Economy

   Number of Agents:       10000

   Number of Periods:      40

   Seed:                   132


   Choices:  

       Period     Work A     Work B    Schooling   Home      

         1        0.4667     0.1032     0.4077     0.0224
         2        0.5156     0.1835     0.2518     0.0491
         3        0.5331     0.2340     0.1881     0.0448
         4        0.5398     0.2683     0.1561     0.0358
         5        0.5222     0.3055     0.1385     0.0338
         6        0.5035     0.3338     0.1287     0.0340
         7        0.4850     0.3716     0.1145     0.0289
         8        0.4682     0.4060     0.0993     0.0265
         9        0.4680     0.4284     0.0833     0.0203
        10        0.4385     0.4611     0.0777     0.0227
        11        0.4334     0.4750     0.0700     0.0216
        12        0.4122     0.5078     0.0610     0.0190
        13        0.4012     0.5267     0.0544     0.0177
        14        0.3887     0.5502     0.0446     0.0165
        15        0.3831     0.5635     0.0370     0.0164
        16        0.3817     0.5745     0.0269     0.0169
        17        0.3656     0.5991     0.0207     0.0146
        18        0.3583     0.6095     0.0176     0.0146
        19        0.3519     0.6207     0.0140     0.0134
        20        0.3447     0.6310     0.0099     0.0144
        21        0.3432     0.6345     0.0094     0.0129
        22        0.3366     0.6432     0.0051     0.0151
        23        0.3289     0.6533     0.0031     0.0147
        24        0.3305     0.6542     0.0023     0.0130
        25        0.3302     0.6549     0.0011     0.0138
        26        0.3231     0.6625     0.0004     0.0140
        27        0.3224     0.6638     0.0001     0.0137
        28        0.3167     0.6688     0.0000     0.0145
        29        0.3151     0.6703     0.0000     0.0146
        30        0.3129     0.6727     0.0000     0.0144
        31        0.3147     0.6726     0.0000     0.0127
        32        0.3097     0.6771     0.0000     0.0132
        33        0.3062     0.6789     0.0000     0.0149
        34        0.3038     0.6797     0.0000     0.0165
        35        0.3037     0.6841     0.0000     0.0122
        36        0.3009     0.6823     0.0000     0.0168
        37        0.2972     0.6867     0.0000     0.0161
        38        0.2983     0.6860     0.0000     0.0157
        39        0.2947     0.6874     0.0000     0.0179
        40        0.2939     0.6904     0.0000     0.0157


