
 Simulated Economy

   Number of Agents:       10000

   Number of Periods:      40

   Seed:                   132


   Choices:  

       Period     Work A     Work B    Schooling   Home      

         1        0.5405     0.0968     0.3168     0.0459
         2        0.5802     0.1660     0.1838     0.0700
         3        0.5973     0.2081     0.1281     0.0665
         4        0.6069     0.2358     0.1037     0.0536
         5        0.5940     0.2673     0.0899     0.0488
         6        0.5793     0.2875     0.0836     0.0496
         7        0.5582     0.3226     0.0767     0.0425
         8        0.5479     0.3496     0.0663     0.0362
         9        0.5481     0.3664     0.0556     0.0299
        10        0.5210     0.3942     0.0519     0.0329
        11        0.5164     0.4061     0.0479     0.0296
        12        0.4990     0.4345     0.0410     0.0255
        13        0.4892     0.4506     0.0359     0.0243
        14        0.4768     0.4712     0.0291     0.0229
        15        0.4708     0.4831     0.0234     0.0227
        16        0.4648     0.4945     0.0172     0.0235
        17        0.4524     0.5126     0.0131     0.0219
        18        0.4467     0.5224     0.0107     0.0202
        19        0.4415     0.5305     0.0087     0.0193
        20        0.4323     0.5413     0.0064     0.0200
        21        0.4316     0.5443     0.0052     0.0189
        22        0.4221     0.5540     0.0026     0.0213
        23        0.4163     0.5610     0.0020     0.0207
        24        0.4195     0.5592     0.0017     0.0196
        25        0.4132     0.5649     0.0007     0.0212
        26        0.4122     0.5695     0.0001     0.0182
        27        0.4096     0.5718     0.0000     0.0186
        28        0.4057     0.5746     0.0000     0.0197
        29        0.4043     0.5761     0.0000     0.0196
        30        0.4033     0.5779     0.0000     0.0188
        31        0.4038     0.5785     0.0000     0.0177
        32        0.3992     0.5813     0.0000     0.0195
        33        0.3994     0.5823     0.0000     0.0183
        34        0.3946     0.5850     0.0000     0.0204
        35        0.3935     0.5887     0.0000     0.0178
        36        0.3896     0.5866     0.0000     0.0238
        37        0.3896     0.5899     0.0000     0.0205
        38        0.3887     0.5901     0.0000     0.0212
        39        0.3851     0.5913     0.0000     0.0236
        40        0.3853     0.5941     0.0000     0.0206


