
 Criterion Function

                             Start               Step            Current

                            0.4231             0.3897             0.3897


 Optimization Parameters

     Identifier              Start               Step            Current

              0             0.0000             0.0003             0.0003
              1             9.1376             9.1510             9.1510
              2             0.0394             0.0424             0.0424
              3             0.0326             0.0303             0.0303
              4            -0.0003            -0.0003            -0.0003
              5            -0.0025            -0.0017            -0.0017
              6             0.0000             0.0002             0.0002
              7             9.1098             9.1006             9.1006
              8             0.0468             0.0461             0.0461
              9             0.0137             0.0141             0.0141
             10            -0.0001            -0.0001            -0.0001
             11             0.0304             0.0310             0.0310
             12            -0.0002            -0.0002            -0.0002
             13         -3380.2937         -3249.6554         -3249.6554
             14         -1242.4368          -789.3743          -789.3743
             15        -12482.2623        -12454.2681        -12454.2681
             16         11513.7210         11144.2736         11144.2736
             17             0.2359             0.2033             0.2033
             18             0.0007             0.0123             0.0123
             19             0.2938             0.2829             0.2829
             20         -2678.6091         -2467.2635         -2467.2635
             21         -8276.9543         -8342.3292         -8342.3292
             22          2905.8641          3128.2210          3128.2210
             23         -3782.7468         -3578.4308         -3578.4308
             24         14716.4018         14579.4884         14579.4884
             25         -3195.1406         -2877.7203         -2877.7203
             26         -3407.1164         -2851.3211         -2851.3211

          Level             0.0000             0.0003             0.0003


 Covariance Matrix

          Start

         0.0556             0.0002          -631.8839          -892.3500
         0.0002             0.0863         -2433.7562          4321.4009
      -631.8839         -2433.7562      84126965.1389    -120959129.4317
      -892.3500          4321.4009    -120959129.4317     252699021.0628

           Step

         0.0413             0.0025          -501.6666          -727.5993
         0.0025             0.0802         -2389.9883          4080.0768
      -501.6666         -2389.9883      85467612.7305    -121800105.2334
      -727.5993          4080.0768    -121800105.2334     241777953.6399

        Current

         0.0413             0.0025          -501.6666          -727.5993
         0.0025             0.0802         -2389.9883          4080.0768
      -501.6666         -2389.9883      85467612.6967    -121800105.1834
      -727.5993          4080.0768    -121800105.1834     241777953.5721


 Number of Steps                     272

 Number of Evaluations               744

 TERMINATED
