
 Simulated Economy

   Number of Agents:       10000

   Number of Periods:      40

   Seed:                   132


   Choices:  

       Period     Work A     Work B    Schooling   Home      

         1        0.5251     0.0999     0.3384     0.0366
         2        0.5673     0.1705     0.1995     0.0627
         3        0.5792     0.2191     0.1416     0.0601
         4        0.5899     0.2460     0.1151     0.0490
         5        0.5771     0.2772     0.1018     0.0439
         6        0.5618     0.3003     0.0929     0.0450
         7        0.5384     0.3386     0.0851     0.0379
         8        0.5260     0.3661     0.0747     0.0332
         9        0.5256     0.3835     0.0630     0.0279
        10        0.5000     0.4133     0.0565     0.0302
        11        0.4953     0.4259     0.0515     0.0273
        12        0.4755     0.4555     0.0454     0.0236
        13        0.4647     0.4717     0.0402     0.0234
        14        0.4555     0.4913     0.0311     0.0221
        15        0.4471     0.5050     0.0262     0.0217
        16        0.4433     0.5148     0.0200     0.0219
        17        0.4285     0.5340     0.0169     0.0206
        18        0.4226     0.5461     0.0124     0.0189
        19        0.4154     0.5556     0.0101     0.0189
        20        0.4087     0.5648     0.0076     0.0189
        21        0.4095     0.5667     0.0059     0.0179
        22        0.3998     0.5769     0.0030     0.0203
        23        0.3954     0.5831     0.0026     0.0189
        24        0.3972     0.5831     0.0015     0.0182
        25        0.3925     0.5878     0.0008     0.0189
        26        0.3887     0.5935     0.0005     0.0173
        27        0.3875     0.5956     0.0001     0.0168
        28        0.3822     0.5988     0.0000     0.0190
        29        0.3800     0.6016     0.0000     0.0184
        30        0.3781     0.6026     0.0000     0.0193
        31        0.3806     0.6024     0.0000     0.0170
        32        0.3750     0.6059     0.0000     0.0191
        33        0.3739     0.6075     0.0000     0.0186
        34        0.3701     0.6093     0.0000     0.0206
        35        0.3709     0.6123     0.0000     0.0168
        36        0.3657     0.6124     0.0000     0.0219
        37        0.3640     0.6161     0.0000     0.0199
        38        0.3652     0.6154     0.0000     0.0194
        39        0.3609     0.6165     0.0000     0.0226
        40        0.3607     0.6202     0.0000     0.0191


