
 Simulated Economy

   Number of Agents:       10000

   Number of Periods:      40

   Seed:                   132


   Choices:  

       Period     Work A     Work B    Schooling   Home      

         1        0.5844     0.0919     0.2596     0.0641
         2        0.6191     0.1504     0.1438     0.0867
         3        0.6314     0.1854     0.0986     0.0846
         4        0.6434     0.2094     0.0785     0.0687
         5        0.6355     0.2339     0.0667     0.0639
         6        0.6259     0.2541     0.0611     0.0589
         7        0.6099     0.2827     0.0577     0.0497
         8        0.6009     0.3071     0.0498     0.0422
         9        0.6043     0.3170     0.0425     0.0362
        10        0.5816     0.3411     0.0391     0.0382
        11        0.5755     0.3533     0.0355     0.0357
        12        0.5618     0.3757     0.0309     0.0316
        13        0.5517     0.3924     0.0268     0.0291
        14        0.5444     0.4044     0.0229     0.0283
        15        0.5358     0.4168     0.0188     0.0286
        16        0.5301     0.4280     0.0139     0.0280
        17        0.5176     0.4441     0.0101     0.0282
        18        0.5135     0.4549     0.0073     0.0243
        19        0.5057     0.4622     0.0077     0.0244
        20        0.5016     0.4709     0.0051     0.0224
        21        0.4995     0.4729     0.0044     0.0232
        22        0.4942     0.4810     0.0019     0.0229
        23        0.4887     0.4870     0.0014     0.0229
        24        0.4911     0.4866     0.0012     0.0211
        25        0.4907     0.4882     0.0003     0.0208
        26        0.4847     0.4944     0.0004     0.0205
        27        0.4851     0.4954     0.0002     0.0193
        28        0.4775     0.4994     0.0002     0.0229
        29        0.4746     0.5032     0.0000     0.0222
        30        0.4753     0.5016     0.0000     0.0231
        31        0.4759     0.5024     0.0000     0.0217
        32        0.4688     0.5068     0.0000     0.0244
        33        0.4715     0.5052     0.0000     0.0233
        34        0.4682     0.5073     0.0000     0.0245
        35        0.4664     0.5119     0.0000     0.0217
        36        0.4627     0.5110     0.0000     0.0263
        37        0.4620     0.5133     0.0000     0.0247
        38        0.4603     0.5150     0.0000     0.0247
        39        0.4583     0.5149     0.0000     0.0268
        40        0.4581     0.5176     0.0000     0.0243


