
 Simulated Economy

   Number of Agents:       10000

   Number of Periods:      40

   Seed:                   132


   Choices:  

       Period     Work A     Work B    Schooling   Home      

         1        0.5534     0.0976     0.2980     0.0510
         2        0.5917     0.1644     0.1680     0.0759
         3        0.6073     0.2050     0.1154     0.0723
         4        0.6176     0.2319     0.0919     0.0586
         5        0.6069     0.2628     0.0772     0.0531
         6        0.5921     0.2829     0.0709     0.0541
         7        0.5702     0.3158     0.0672     0.0468
         8        0.5621     0.3396     0.0579     0.0404
         9        0.5629     0.3538     0.0498     0.0335
        10        0.5377     0.3806     0.0474     0.0343
        11        0.5319     0.3940     0.0416     0.0325
        12        0.5154     0.4211     0.0363     0.0272
        13        0.5063     0.4360     0.0320     0.0257
        14        0.4937     0.4552     0.0268     0.0243
        15        0.4880     0.4674     0.0211     0.0235
        16        0.4809     0.4769     0.0166     0.0256
        17        0.4707     0.4922     0.0134     0.0237
        18        0.4639     0.5037     0.0100     0.0224
        19        0.4574     0.5126     0.0086     0.0214
        20        0.4509     0.5231     0.0059     0.0201
        21        0.4486     0.5275     0.0046     0.0193
        22        0.4425     0.5344     0.0021     0.0210
        23        0.4369     0.5411     0.0016     0.0204
        24        0.4388     0.5398     0.0013     0.0201
        25        0.4318     0.5461     0.0004     0.0217
        26        0.4299     0.5509     0.0002     0.0190
        27        0.4283     0.5521     0.0001     0.0195
        28        0.4255     0.5539     0.0001     0.0205
        29        0.4244     0.5557     0.0000     0.0199
        30        0.4209     0.5586     0.0000     0.0205
        31        0.4255     0.5580     0.0000     0.0165
        32        0.4193     0.5611     0.0000     0.0196
        33        0.4187     0.5619     0.0000     0.0194
        34        0.4144     0.5638     0.0000     0.0218
        35        0.4144     0.5667     0.0000     0.0189
        36        0.4098     0.5656     0.0000     0.0246
        37        0.4090     0.5696     0.0000     0.0214
        38        0.4089     0.5685     0.0000     0.0226
        39        0.4066     0.5691     0.0000     0.0243
        40        0.4060     0.5725     0.0000     0.0215


