
 Simulated Economy

   Number of Agents:       1000

   Number of Periods:      40

   Seed:                   789


   Choices:  

       Period     Work A     Work B    Schooling   Home      

         1        0.3290     0.0350     0.5840     0.0520
         2        0.5200     0.0640     0.3450     0.0710
         3        0.6090     0.1110     0.1930     0.0870
         4        0.6290     0.1170     0.1480     0.1060
         5        0.6480     0.1290     0.1200     0.1030
         6        0.6480     0.1590     0.1030     0.0900
         7        0.6550     0.1680     0.0840     0.0930
         8        0.6370     0.1990     0.0860     0.0780
         9        0.6420     0.1950     0.0740     0.0890
        10        0.6470     0.2230     0.0650     0.0650
        11        0.6410     0.2210     0.0650     0.0730
        12        0.6350     0.2480     0.0460     0.0710
        13        0.6370     0.2560     0.0320     0.0750
        14        0.6430     0.2570     0.0360     0.0640
        15        0.6290     0.2590     0.0320     0.0800
        16        0.6360     0.2830     0.0250     0.0560
        17        0.6440     0.2730     0.0200     0.0630
        18        0.6090     0.3160     0.0150     0.0600
        19        0.6350     0.2950     0.0180     0.0520
        20        0.6120     0.2990     0.0220     0.0670
        21        0.5960     0.3470     0.0080     0.0490
        22        0.6040     0.3470     0.0050     0.0440
        23        0.6030     0.3370     0.0040     0.0560
        24        0.6070     0.3290     0.0050     0.0590
        25        0.5970     0.3430     0.0040     0.0560
        26        0.5940     0.3450     0.0040     0.0570
        27        0.5730     0.3610     0.0010     0.0650
        28        0.5890     0.3560     0.0000     0.0550
        29        0.5540     0.3740     0.0020     0.0700
        30        0.5600     0.3730     0.0010     0.0660
        31        0.5640     0.3740     0.0010     0.0610
        32        0.5510     0.3860     0.0000     0.0630
        33        0.5880     0.3650     0.0000     0.0470
        34        0.5640     0.3720     0.0000     0.0640
        35        0.5750     0.3760     0.0000     0.0490
        36        0.5480     0.3870     0.0000     0.0650
        37        0.5820     0.3620     0.0000     0.0560
        38        0.5500     0.3790     0.0000     0.0710
        39        0.5580     0.3700     0.0000     0.0720
        40        0.5590     0.3740     0.0000     0.0670


