
 Simulated Economy

   Number of Agents:       1000

   Number of Periods:      40

   Seed:                   132


   Choices

       Period     Work A     Work B    Schooling   Home      

         1        0.3620     0.1040     0.5240     0.0100
         2        0.4170     0.1960     0.3600     0.0270
         3        0.4390     0.2530     0.2820     0.0260
         4        0.4370     0.2960     0.2470     0.0200
         5        0.4030     0.3430     0.2300     0.0240
         6        0.3900     0.3780     0.2120     0.0200
         7        0.3680     0.4100     0.2060     0.0160
         8        0.3510     0.4470     0.1900     0.0120
         9        0.3280     0.5000     0.1560     0.0160
        10        0.3570     0.4970     0.1290     0.0170
        11        0.3200     0.5610     0.1070     0.0120
        12        0.3060     0.5910     0.0900     0.0130
        13        0.3020     0.6020     0.0860     0.0100
        14        0.2960     0.6300     0.0690     0.0050
        15        0.2810     0.6680     0.0440     0.0070
        16        0.2550     0.6970     0.0430     0.0050
        17        0.2620     0.6990     0.0330     0.0060
        18        0.2370     0.7210     0.0330     0.0090
        19        0.2370     0.7350     0.0210     0.0070
        20        0.2430     0.7380     0.0120     0.0070
        21        0.2320     0.7390     0.0200     0.0090
        22        0.2170     0.7610     0.0080     0.0140
        23        0.2190     0.7660     0.0080     0.0070
        24        0.2170     0.7720     0.0030     0.0080
        25        0.2120     0.7770     0.0010     0.0100
        26        0.2030     0.7850     0.0010     0.0110
        27        0.2230     0.7720     0.0020     0.0030
        28        0.2100     0.7810     0.0000     0.0090
        29        0.2050     0.7870     0.0010     0.0070
        30        0.2040     0.7870     0.0000     0.0090
        31        0.1950     0.7940     0.0000     0.0110
        32        0.1890     0.8000     0.0000     0.0110
        33        0.1980     0.7920     0.0000     0.0100
        34        0.2080     0.7900     0.0000     0.0020
        35        0.1890     0.8010     0.0000     0.0100
        36        0.1850     0.8080     0.0000     0.0070
        37        0.1830     0.8040     0.0000     0.0130
        38        0.1840     0.8020     0.0000     0.0140
        39        0.1800     0.8110     0.0000     0.0090
        40        0.1790     0.8090     0.0000     0.0120



   Additional Information

       Average Education               13.1180

       Average Experience A            10.4440
       Average Experience B            24.9950
