
 Simulated Economy

   Number of Agents:       10000

   Number of Periods:      40

   Seed:                   132


   Choices:  

       Period     Work A     Work B    Schooling   Home      

         1        0.3796     0.1052     0.5053     0.0099
         2        0.4330     0.1893     0.3477     0.0300
         3        0.4468     0.2469     0.2778     0.0285
         4        0.4518     0.2916     0.2326     0.0240
         5        0.4373     0.3343     0.2066     0.0218
         6        0.4146     0.3713     0.1910     0.0231
         7        0.3973     0.4141     0.1699     0.0187
         8        0.3800     0.4500     0.1523     0.0177
         9        0.3769     0.4808     0.1284     0.0139
        10        0.3433     0.5245     0.1164     0.0158
        11        0.3420     0.5395     0.1041     0.0144
        12        0.3207     0.5748     0.0918     0.0127
        13        0.3082     0.6019     0.0781     0.0118
        14        0.3013     0.6245     0.0627     0.0115
        15        0.2935     0.6425     0.0530     0.0110
        16        0.2903     0.6554     0.0423     0.0120
        17        0.2771     0.6808     0.0320     0.0101
        18        0.2672     0.6954     0.0271     0.0103
        19        0.2604     0.7090     0.0205     0.0101
        20        0.2532     0.7210     0.0162     0.0096
        21        0.2517     0.7255     0.0134     0.0094
        22        0.2481     0.7338     0.0075     0.0106
        23        0.2379     0.7467     0.0052     0.0102
        24        0.2416     0.7454     0.0037     0.0093
        25        0.2405     0.7484     0.0019     0.0092
        26        0.2343     0.7553     0.0009     0.0095
        27        0.2353     0.7550     0.0005     0.0092
        28        0.2270     0.7623     0.0001     0.0106
        29        0.2277     0.7619     0.0001     0.0103
        30        0.2227     0.7662     0.0000     0.0111
        31        0.2256     0.7642     0.0000     0.0102
        32        0.2205     0.7697     0.0000     0.0098
        33        0.2174     0.7722     0.0000     0.0104
        34        0.2153     0.7734     0.0000     0.0113
        35        0.2149     0.7767     0.0000     0.0084
        36        0.2116     0.7758     0.0000     0.0126
        37        0.2106     0.7788     0.0000     0.0106
        38        0.2094     0.7797     0.0000     0.0109
        39        0.2057     0.7807     0.0000     0.0136
        40        0.2047     0.7845     0.0000     0.0108


