
 Simulated Economy

   Number of Agents:       10000

   Number of Periods:      40

   Seed:                   132


   Choices:  

       Period     Work A     Work B    Schooling   Home      

         1        0.5976     0.0918     0.2482     0.0624
         2        0.6354     0.1512     0.1328     0.0806
         3        0.6514     0.1854     0.0874     0.0758
         4        0.6623     0.2077     0.0691     0.0609
         5        0.6529     0.2326     0.0582     0.0563
         6        0.6412     0.2482     0.0534     0.0572
         7        0.6251     0.2763     0.0517     0.0469
         8        0.6150     0.2966     0.0462     0.0422
         9        0.6192     0.3079     0.0395     0.0334
        10        0.5959     0.3334     0.0349     0.0358
        11        0.5900     0.3447     0.0317     0.0336
        12        0.5797     0.3644     0.0281     0.0278
        13        0.5683     0.3813     0.0244     0.0260
        14        0.5602     0.3931     0.0216     0.0251
        15        0.5483     0.4079     0.0171     0.0267
        16        0.5449     0.4182     0.0118     0.0251
        17        0.5332     0.4322     0.0099     0.0247
        18        0.5275     0.4431     0.0064     0.0230
        19        0.5218     0.4493     0.0066     0.0223
        20        0.5168     0.4580     0.0039     0.0213
        21        0.5139     0.4595     0.0038     0.0228
        22        0.5087     0.4679     0.0018     0.0216
        23        0.5031     0.4724     0.0019     0.0226
        24        0.5024     0.4743     0.0008     0.0225
        25        0.5007     0.4769     0.0003     0.0221
        26        0.4969     0.4809     0.0003     0.0219
        27        0.4964     0.4823     0.0001     0.0212
        28        0.4894     0.4873     0.0002     0.0231
        29        0.4892     0.4877     0.0000     0.0231
        30        0.4854     0.4907     0.0000     0.0239
        31        0.4900     0.4877     0.0000     0.0223
        32        0.4823     0.4925     0.0000     0.0252
        33        0.4827     0.4939     0.0000     0.0234
        34        0.4776     0.4970     0.0000     0.0254
        35        0.4784     0.4988     0.0000     0.0228
        36        0.4760     0.4971     0.0000     0.0269
        37        0.4734     0.5007     0.0000     0.0259
        38        0.4737     0.4995     0.0000     0.0268
        39        0.4718     0.4995     0.0000     0.0287
        40        0.4717     0.5024     0.0000     0.0259


