
 Simulated Economy

   Number of Agents:       1000

   Number of Periods:      40

   Seed:                   789


   Choices:  

       Period     Work A     Work B    Schooling   Home      

         1        0.3270     0.0350     0.5880     0.0500
         2        0.5160     0.0660     0.3490     0.0690
         3        0.5990     0.1130     0.2020     0.0860
         4        0.6200     0.1180     0.1580     0.1040
         5        0.6390     0.1280     0.1310     0.1020
         6        0.6420     0.1580     0.1130     0.0870
         7        0.6440     0.1730     0.0910     0.0920
         8        0.6290     0.2020     0.0940     0.0750
         9        0.6330     0.1990     0.0790     0.0890
        10        0.6400     0.2330     0.0660     0.0610
        11        0.6330     0.2280     0.0680     0.0710
        12        0.6290     0.2520     0.0490     0.0700
        13        0.6270     0.2640     0.0360     0.0730
        14        0.6360     0.2640     0.0390     0.0610
        15        0.6200     0.2670     0.0350     0.0780
        16        0.6270     0.2900     0.0290     0.0540
        17        0.6370     0.2820     0.0200     0.0610
        18        0.5950     0.3280     0.0170     0.0600
        19        0.6210     0.3080     0.0190     0.0520
        20        0.6040     0.3080     0.0240     0.0640
        21        0.5850     0.3580     0.0090     0.0480
        22        0.5960     0.3550     0.0060     0.0430
        23        0.5910     0.3510     0.0050     0.0530
        24        0.6010     0.3410     0.0050     0.0530
        25        0.5860     0.3550     0.0040     0.0550
        26        0.5850     0.3570     0.0050     0.0530
        27        0.5670     0.3680     0.0020     0.0630
        28        0.5760     0.3710     0.0000     0.0530
        29        0.5450     0.3840     0.0020     0.0690
        30        0.5450     0.3890     0.0010     0.0650
        31        0.5550     0.3880     0.0010     0.0560
        32        0.5430     0.3960     0.0000     0.0610
        33        0.5740     0.3820     0.0000     0.0440
        34        0.5580     0.3810     0.0000     0.0610
        35        0.5690     0.3850     0.0000     0.0460
        36        0.5370     0.3980     0.0000     0.0650
        37        0.5700     0.3760     0.0000     0.0540
        38        0.5430     0.3870     0.0000     0.0700
        39        0.5500     0.3820     0.0000     0.0680
        40        0.5490     0.3840     0.0000     0.0670


