
 Simulated Economy

   Number of Agents:       1000

   Number of Periods:      40

   Seed:                   132


   Choices:  

       Period     Work A     Work B    Schooling   Home      

         1        0.3680     0.1040     0.5180     0.0100
         2        0.4220     0.1990     0.3490     0.0300
         3        0.4470     0.2540     0.2710     0.0280
         4        0.4470     0.3000     0.2330     0.0200
         5        0.4100     0.3500     0.2150     0.0250
         6        0.4050     0.3770     0.1970     0.0210
         7        0.3800     0.4130     0.1910     0.0160
         8        0.3600     0.4490     0.1790     0.0120
         9        0.3400     0.5050     0.1390     0.0160
        10        0.3660     0.5020     0.1130     0.0190
        11        0.3310     0.5540     0.1030     0.0120
        12        0.3150     0.5860     0.0850     0.0140
        13        0.3110     0.5980     0.0810     0.0100
        14        0.3030     0.6270     0.0650     0.0050
        15        0.2880     0.6630     0.0420     0.0070
        16        0.2630     0.6930     0.0390     0.0050
        17        0.2690     0.6970     0.0280     0.0060
        18        0.2480     0.7130     0.0300     0.0090
        19        0.2470     0.7280     0.0170     0.0080
        20        0.2460     0.7330     0.0130     0.0080
        21        0.2380     0.7320     0.0200     0.0100
        22        0.2280     0.7510     0.0070     0.0140
        23        0.2240     0.7620     0.0050     0.0090
        24        0.2270     0.7640     0.0010     0.0080
        25        0.2150     0.7720     0.0010     0.0120
        26        0.2080     0.7790     0.0010     0.0120
        27        0.2280     0.7670     0.0010     0.0040
        28        0.2160     0.7740     0.0000     0.0100
        29        0.2180     0.7740     0.0000     0.0080
        30        0.2110     0.7800     0.0000     0.0090
        31        0.2050     0.7850     0.0000     0.0100
        32        0.1960     0.7920     0.0000     0.0120
        33        0.2060     0.7830     0.0000     0.0110
        34        0.2180     0.7800     0.0000     0.0020
        35        0.1970     0.7910     0.0000     0.0120
        36        0.1930     0.7990     0.0000     0.0080
        37        0.1920     0.7960     0.0000     0.0120
        38        0.1910     0.7960     0.0000     0.0130
        39        0.1890     0.8030     0.0000     0.0080
        40        0.1870     0.8010     0.0000     0.0120


