
 Simulated Economy

   Number of Agents:       1000

   Number of Periods:      40

   Seed:                   789


   Choices:  

       Period     Work A     Work B    Schooling   Home      

         1        0.3390     0.0320     0.5850     0.0440
         2        0.4930     0.0620     0.3690     0.0760
         3        0.5960     0.1020     0.2230     0.0790
         4        0.6340     0.1210     0.1570     0.0880
         5        0.6470     0.1600     0.1290     0.0640
         6        0.6320     0.1660     0.1090     0.0930
         7        0.6420     0.1770     0.1020     0.0790
         8        0.6490     0.1930     0.0980     0.0600
         9        0.6320     0.2080     0.0800     0.0800
        10        0.6410     0.2190     0.0810     0.0590
        11        0.6110     0.2510     0.0700     0.0680
        12        0.6430     0.2260     0.0660     0.0650
        13        0.6290     0.2570     0.0520     0.0620
        14        0.6420     0.2660     0.0510     0.0410
        15        0.6320     0.2900     0.0320     0.0460
        16        0.6330     0.2900     0.0320     0.0450
        17        0.6210     0.2990     0.0270     0.0530
        18        0.6000     0.3220     0.0240     0.0540
        19        0.6220     0.3060     0.0180     0.0540
        20        0.5900     0.3440     0.0180     0.0480
        21        0.5690     0.3570     0.0200     0.0540
        22        0.5850     0.3530     0.0110     0.0510
        23        0.5900     0.3550     0.0100     0.0450
        24        0.5900     0.3630     0.0040     0.0430
        25        0.5540     0.3870     0.0050     0.0540
        26        0.5630     0.3730     0.0070     0.0570
        27        0.5700     0.3790     0.0020     0.0490
        28        0.5730     0.3750     0.0000     0.0520
        29        0.5730     0.3780     0.0020     0.0470
        30        0.5510     0.3950     0.0020     0.0520
        31        0.5440     0.4060     0.0000     0.0500
        32        0.5500     0.3990     0.0010     0.0500
        33        0.5660     0.3780     0.0000     0.0560
        34        0.5310     0.4160     0.0000     0.0530
        35        0.5230     0.4210     0.0000     0.0560
        36        0.5560     0.3810     0.0000     0.0630
        37        0.5430     0.4000     0.0000     0.0570
        38        0.5530     0.3890     0.0000     0.0580
        39        0.5250     0.4060     0.0000     0.0690
        40        0.5180     0.4070     0.0000     0.0750


